filename,predicted_class,confidence,server_timestamp
fashion_mnist_3.png,Ankle boot,0.5481043457984924,2025-06-27T22:16:48.020385+00:00
predict_clicked,fashion_mnist_3.png,Ankle boot,0.5481043457984924,2025-06-27T22:16:49.595Z,"Mozilla/5.0 (Windows NT 10.0; Win64; x64) AppleWebKit/537.36 (KHTML, like Gecko) Chrome/138.0.0.0 Safari/537.36",2025-06-27T22:16:49.614629+00:00
fashion_mnist_1.png,Ankle boot,0.6060130000114441,2025-06-27T22:16:58.810812+00:00
predict_clicked,fashion_mnist_1.png,Ankle boot,0.6060130000114441,2025-06-27T22:16:59.873Z,"Mozilla/5.0 (Windows NT 10.0; Win64; x64) AppleWebKit/537.36 (KHTML, like Gecko) Chrome/138.0.0.0 Safari/537.36",2025-06-27T22:16:59.886110+00:00
fashion_mnist_2.jpg,Pullover,0.9994677901268005,2025-06-27T22:18:01.242503+00:00
predict_clicked,fashion_mnist_2.jpg,Pullover,0.9994677901268005,2025-06-27T22:18:02.702Z,"Mozilla/5.0 (Windows NT 10.0; Win64; x64) AppleWebKit/537.36 (KHTML, like Gecko) Chrome/138.0.0.0 Safari/537.36",2025-06-27T22:18:02.710506+00:00
